+5511945418764
+5511972913347
+5511976885657
+5511988096774
+5511993653827
+5511946653401
+5511978313912
+5511919069961
+5511913339102
+5511977099419
+5511978827645
+5511910063040
+5511964360772
+5511911951272
+5511977628816
+5511933785959
+5511987968944
+5511951451588
+5511989844789
+5511946373309
+5511959719093
+5511962556052
+5511970486293
+5511988433195
+5511962251491
+5511971923237
+5511949531290
+5511961001603
+5511915559334
+5511978411571
+5511945766630
+551194949195
+5511993859975
+5514991129380
+5515996400090
+5511980348789
+5511989952171
+5511962159263
+5511991960970
+5511946696884
+5511954672412
+5511983283141
+5511991190648
+5511969712157
+5511953398280
+5511982377925
+5511980357215
+5511957745301
+5511930110472
+5511949634600
+5511948525652
+5511945354641
+5511967601389
+5511930660655
+5513997874428
+5511954247461
+5511957054899
+5511953147708
+5511977527659
+5511972283985
+5511974991553
+5511941090281
+5511957827341
+5511997730601
+5511959054878
+5511989336439
+5511932819301
+5511945321686
+5511913674652
+5511961026880
+5511992876461
+5511979523925
+5511943752268
+5511916490857
+5511989622701
+5511945900355
+5511961560093
+5511954526227
+5511952069066
+5511983594673
+5511986759756
+5511957263059
+5511962188349
+5511959242856
+5511983208138
+5511978448915
+5511941351728
+5511986690618
+5511932665424
+5511945837163
+5511974724208
+5511993797427
+5511975345320
+5511984468356
+5511994287772
+5511960389274
+5511982196176
+5511977900810
+5511952058557
+5511987474984
+5519971043001
+5519998492269
+5511971791901
+5512988122507
+5516999623601
+5511982693663
+5511949047834
+5511953783771
+5511994941299
+5511976468619
+5511957754381
+5511988572240
+5511982745969
+5511913596775
+5516992928703
+5511993758382
+5516988083089
+5511976371594
+5511948685678
+5511994358847
+5511957967665
+5511915601803
+5511951983072
+5511963803534
+5511986536871
+5511946519985
+5511983758921
+5511992830761
+5511978783581
+5538999727235
+5511920078014
+5519999315425
+5511944444224
+5511954792236
+5511986570199
+5511913198600
+5512991271192
+5511993427111
+5511957400970
+5511976001976
+5511957336399
+5511969797589
+5519986051553
+5511934326003
+5511980652906
+5511993240069
+5511916812183
+5511959071404
+5511986222357
+5511949620643
+5511982355293
+5511954000305
+5511992269243
+5511978374505
+5511961071166
+5511948150503
+5511994025774
+5511966467570
+5511945653069
+5511911438570
+5511932595536
+5511988590636
+5511983805887
+5511915811358
+5511988661273
+5511915795614
+5511939065130
+5511939367582
+5511914863685
+5511982303151
+5511984924950
+5511945331056
+5511968397527
+5511943994940
+5511954517500
+5511945742987
+5511984553366
+5511940039401
+5511971182091
+5511991405683
+5516992640569
+5511943324957
+5511959524625
+5511973681469
+5511978611702
+5511947426450
+5511949272177
+5511949881135
+5511933302823
+5511959601073
+5511978301517
+5511913319861
+5511958220841
+5511999229558
+5511977734775
+5511960336229
+5519978264450
+5511914517888
+5511976245432
+5511945087510
+5511964437736
+5511954394091
+5511954577665
+5511951449381
+5511977417144
+5511946287522
+5511978278451
+5511974008066
+5511934775226
+5511968639350
+5511957091388
+5511978129908
+5511958298442
+5511988088210
+5511943028046
+5511962233995
+5511955528272
+5511992431872
+5511943540011
+5511957614190
+5511939503315
+5511992887039
+5511970743934
+5511965004903
+5529910739371
+5511975496368
+5511930898887
+5585996199713
+5511958469711
+5511979870909
+5511949590391
+5511948865128
+5511941613755
+5511996073537
+5511987533091
+5511948227800
+5511990257131
+5511983293324
+5511991206987
+5511971452922
+5511914617238
+5511953045734
+5511978862204
+5511910283559
+5511988760522
+5511990137722
+5511990112864
+5511988066228
+5511951260223
+5511914823825
+5511918757822
+5519995577019
+5511988938756
+5511959639480
+5511979761166
+5511949613759
+5511933146106
+5511951291357
+5511984276850
+5511949381355
+5571996308365
+5511946269959
+5511954253528
+5511960895932
+5511987256296
+5511996271029
+5511963406219
+5511967634185
+5511952031780
+5511984452501
+5511978566092
+5511912242172
+5516996282951
+5511982497796
+5511998319723
+5511999081204
+5511958716313
+5511982473967
+5511994095927
+5511910970726
+5511965929404
+5511939542236
+5511942962300
+5511952099139
+5511984628131
+5511932370151